[
{"camera_matrix":{"e00":0.9976065754890442,"e01":0.011563297361135483,"e02":-0.06817127764225006,"e03":-0.07990537583827973,"e10":-0.012913812883198262,"e11":0.9997283816337586,"e12":-0.019403329119086267,"e13":1.5043760538101197,"e20":-0.06792838871479035,"e21":-0.020237242802977563,"e22":-0.9974849224090576,"e23":-3.104621410369873,"e30":0.0,"e31":0.0,"e32":0.0,"e33":1.0},"pointcloudTs":0,"eye_data_cwi":{"no_user":false,"frame_sequence":113244,"timestamp":241974,"verbose_data":{"left":{"eye_data_validata_bit_mask":31,"gaze_origin_mm":{"x":30.19256591796875,"y":4.7264556884765629,"z":-27.3985595703125},"gaze_direction_normalized":{"x":-0.0406646728515625,"y":-0.027313232421875,"z":0.9987945556640625},"pupil_diameter_mm":3.775177001953125,"eye_openness":0.0,"pupil_position_in_sensor_area":{"x":0.5652327537536621,"y":0.38626915216445925}},"right":{"eye_data_validata_bit_mask":31,"gaze_origin_mm":{"x":-28.911544799804689,"y":5.3157196044921879,"z":-27.4395751953125},"gaze_direction_normalized":{"x":0.0171356201171875,"y":-0.010711669921875,"z":0.999786376953125},"pupil_diameter_mm":4.1036376953125,"eye_openness":0.0,"pupil_position_in_sensor_area":{"x":0.44740310311317446,"y":0.3797411322593689}},"combined":{"eye_data":{"eye_data_validata_bit_mask":3,"gaze_origin_mm":{"x":-28.724090576171876,"y":5.3138427734375,"z":-27.439437866210939},"gaze_direction_normalized":{"x":0.0169525146484375,"y":-0.010772705078125,"z":0.999786376953125},"pupil_diameter_mm":0.0,"eye_openness":0.0,"pupil_position_in_sensor_area":{"x":0.0,"y":0.0}},"convergence_distance_validity":false,"convergence_distance_mm":0.0}},"expression_data":{"left":{"eye_wide":0.0,"eye_squeeze":0.0,"eye_frown":0.0},"right":{"eye_wide":0.0,"eye_squeeze":0.0,"eye_frown":0.0}}}},
{"camera_matrix":{"e00":0.9976065754890442,"e01":0.011563297361135483,"e02":-0.06817127764225006,"e03":-0.07990537583827973,"e10":-0.012913812883198262,"e11":0.9997283816337586,"e12":-0.019403329119086267,"e13":1.5043760538101197,"e20":-0.06792838871479035,"e21":-0.020237242802977563,"e22":-0.9974849224090576,"e23":-3.104621410369873,"e30":0.0,"e31":0.0,"e32":0.0,"e33":1.0},"pointcloudTs":0,"eye_data_cwi":{"no_user":true,"frame_sequence":113245,"timestamp":241982,"verbose_data":{"left":{"eye_data_validata_bit_mask":31,"gaze_origin_mm":{"x":30.190933227539064,"y":4.7136383056640629,"z":-27.374404907226564},"gaze_direction_normalized":{"x":-0.0391998291015625,"y":-0.02606201171875,"z":0.9988861083984375},"pupil_diameter_mm":3.7790069580078127,"eye_openness":1.0,"pupil_position_in_sensor_area":{"x":0.5650012493133545,"y":0.3862822353839874}},"right":{"eye_data_validata_bit_mask":31,"gaze_origin_mm":{"x":-28.907760620117189,"y":5.319793701171875,"z":-27.461441040039064},"gaze_direction_normalized":{"x":0.02099609375,"y":-0.015777587890625,"z":0.9996490478515625},"pupil_diameter_mm":4.0565338134765629,"eye_openness":1.0,"pupil_position_in_sensor_area":{"x":0.4465291202068329,"y":0.3806488811969757}},"combined":{"eye_data":{"eye_data_validata_bit_mask":3,"gaze_origin_mm":{"x":-26.347305297851564,"y":5.2935333251953129,"z":-27.457672119140626},"gaze_direction_normalized":{"x":0.0183868408203125,"y":-0.0162200927734375,"z":0.99969482421875},"pupil_diameter_mm":0.0,"eye_openness":0.0,"pupil_position_in_sensor_area":{"x":0.0,"y":0.0}},"convergence_distance_validity":false,"convergence_distance_mm":0.0}},"expression_data":{"left":{"eye_wide":0.4155648946762085,"eye_squeeze":0.0,"eye_frown":0.0},"right":{"eye_wide":0.4155648946762085,"eye_squeeze":0.0,"eye_frown":0.0}}}},
{"camera_matrix":{"e00":0.9976065754890442,"e01":0.011563297361135483,"e02":-0.06817127764225006,"e03":-0.07990537583827973,"e10":-0.012913812883198262,"e11":0.9997283816337586,"e12":-0.019403329119086267,"e13":1.5043760538101197,"e20":-0.06792838871479035,"e21":-0.020237242802977563,"e22":-0.9974849224090576,"e23":-3.104621410369873,"e30":0.0,"e31":0.0,"e32":0.0,"e33":1.0},"pointcloudTs":0,"eye_data_cwi":{"no_user":true,"frame_sequence":113246,"timestamp":241990,"verbose_data":{"left":{"eye_data_validata_bit_mask":31,"gaze_origin_mm":{"x":30.189361572265626,"y":4.669952392578125,"z":-27.257736206054689},"gaze_direction_normalized":{"x":-0.0383758544921875,"y":-0.0236358642578125,"z":0.9989776611328125},"pupil_diameter_mm":3.780731201171875,"eye_openness":1.0,"pupil_position_in_sensor_area":{"x":0.5647940039634705,"y":0.3863907754421234}},"right":{"eye_data_validata_bit_mask":31,"gaze_origin_mm":{"x":-28.890579223632814,"y":5.31793212890625,"z":-27.46649169921875},"gaze_direction_normalized":{"x":0.015869140625,"y":-0.01800537109375,"z":0.9997100830078125},"pupil_diameter_mm":4.0285797119140629,"eye_openness":1.0,"pupil_position_in_sensor_area":{"x":0.44687020778656008,"y":0.38114577531814577}},"combined":{"eye_data":{"eye_data_validata_bit_mask":3,"gaze_origin_mm":{"x":0.45947265625,"y":4.9960174560546879,"z":-27.36279296875},"gaze_direction_normalized":{"x":-0.011077880859375,"y":-0.02081298828125,"z":0.9997100830078125},"pupil_diameter_mm":0.0,"eye_openness":0.0,"pupil_position_in_sensor_area":{"x":0.0,"y":0.0}},"convergence_distance_validity":false,"convergence_distance_mm":0.0}},"expression_data":{"left":{"eye_wide":0.4178764224052429,"eye_squeeze":0.0,"eye_frown":0.0},"right":{"eye_wide":0.4178764224052429,"eye_squeeze":0.0,"eye_frown":0.0}}}},
{"camera_matrix":{"e00":0.9976065754890442,"e01":0.011563297361135483,"e02":-0.06817127764225006,"e03":-0.07990537583827973,"e10":-0.012913812883198262,"e11":0.9997283816337586,"e12":-0.019403329119086267,"e13":1.5043760538101197,"e20":-0.06792838871479035,"e21":-0.020237242802977563,"e22":-0.9974849224090576,"e23":-3.104621410369873,"e30":0.0,"e31":0.0,"e32":0.0,"e33":1.0},"pointcloudTs":0,"eye_data_cwi":{"no_user":true,"frame_sequence":113247,"timestamp":241998,"verbose_data":{"left":{"eye_data_validata_bit_mask":31,"gaze_origin_mm":{"x":30.187789916992189,"y":4.626251220703125,"z":-27.141067504882814},"gaze_direction_normalized":{"x":-0.03759765625,"y":-0.0199432373046875,"z":0.99908447265625},"pupil_diameter_mm":3.7885894775390627,"eye_openness":1.0,"pupil_position_in_sensor_area":{"x":0.5645868182182312,"y":0.3862822353839874}},"right":{"eye_data_validata_bit_mask":31,"gaze_origin_mm":{"x":-28.891265869140626,"y":5.2862548828125,"z":-27.352264404296876},"gaze_direction_normalized":{"x":0.0170745849609375,"y":-0.0181732177734375,"z":0.9996795654296875},"pupil_diameter_mm":3.9966583251953127,"eye_openness":1.0,"pupil_position_in_sensor_area":{"x":0.44667860865592959,"y":0.3812987506389618}},"combined":{"eye_data":{"eye_data_validata_bit_mask":3,"gaze_origin_mm":{"x":28.02587890625,"y":4.6504058837890629,"z":-27.1488037109375},"gaze_direction_normalized":{"x":-0.0355987548828125,"y":-0.0198822021484375,"z":0.9991607666015625},"pupil_diameter_mm":0.0,"eye_openness":0.0,"pupil_position_in_sensor_area":{"x":0.0,"y":0.0}},"convergence_distance_validity":false,"convergence_distance_mm":0.0}},"expression_data":{"left":{"eye_wide":0.42246532440185549,"eye_squeeze":0.0,"eye_frown":0.0},"right":{"eye_wide":0.42246532440185549,"eye_squeeze":0.0,"eye_frown":0.0}}}},
{"camera_matrix":{"e00":0.9976065754890442,"e01":0.011563297361135483,"e02":-0.06817127764225006,"e03":-0.07990537583827973,"e10":-0.012913812883198262,"e11":0.9997283816337586,"e12":-0.019403329119086267,"e13":1.5043760538101197,"e20":-0.06792838871479035,"e21":-0.020237242802977563,"e22":-0.9974849224090576,"e23":-3.104621410369873,"e30":0.0,"e31":0.0,"e32":0.0,"e33":1.0},"pointcloudTs":0,"eye_data_cwi":{"no_user":true,"frame_sequence":113248,"timestamp":242007,"verbose_data":{"left":{"eye_data_validata_bit_mask":31,"gaze_origin_mm":{"x":30.18328857421875,"y":4.6139678955078129,"z":-27.104568481445314},"gaze_direction_normalized":{"x":-0.0363006591796875,"y":-0.0204620361328125,"z":0.9991302490234375},"pupil_diameter_mm":3.7852630615234377,"eye_openness":1.0,"pupil_position_in_sensor_area":{"x":0.5644701719284058,"y":0.3864993155002594}},"right":{"eye_data_validata_bit_mask":31,"gaze_origin_mm":{"x":-28.89080810546875,"y":5.2726898193359379,"z":-27.3099365234375},"gaze_direction_normalized":{"x":0.021575927734375,"y":-0.0184326171875,"z":0.9995880126953125},"pupil_diameter_mm":4.0309600830078129,"eye_openness":1.0,"pupil_position_in_sensor_area":{"x":0.44588416814804079,"y":0.3814869225025177}},"combined":{"eye_data":{"eye_data_validata_bit_mask":3,"gaze_origin_mm":{"x":29.550765991210939,"y":4.62103271484375,"z":-27.106765747070314},"gaze_direction_normalized":{"x":-0.0356903076171875,"y":-0.02044677734375,"z":0.9991455078125},"pupil_diameter_mm":0.0,"eye_openness":0.0,"pupil_position_in_sensor_area":{"x":0.0,"y":0.0}},"convergence_distance_validity":false,"convergence_distance_mm":0.0}},"expression_data":{"left":{"eye_wide":0.42492806911468508,"eye_squeeze":0.0,"eye_frown":0.0},"right":{"eye_wide":0.42492806911468508,"eye_squeeze":0.0,"eye_frown":0.0}}}},
{"camera_matrix":{"e00":0.9976065754890442,"e01":0.011563297361135483,"e02":-0.06817127764225006,"e03":-0.07990537583827973,"e10":-0.012913812883198262,"e11":0.9997283816337586,"e12":-0.019403329119086267,"e13":1.5043760538101197,"e20":-0.06792838871479035,"e21":-0.020237242802977563,"e22":-0.9974849224090576,"e23":-3.104621410369873,"e30":0.0,"e31":0.0,"e32":0.0,"e33":1.0},"pointcloudTs":0,"eye_data_cwi":{"no_user":true,"frame_sequence":113249,"timestamp":242015,"verbose_data":{"left":{"eye_data_validata_bit_mask":31,"gaze_origin_mm":{"x":30.186187744140626,"y":4.6065216064453129,"z":-27.104568481445314},"gaze_direction_normalized":{"x":-0.033538818359375,"y":-0.0203399658203125,"z":0.9992218017578125},"pupil_diameter_mm":3.7585906982421877,"eye_openness":1.0,"pupil_position_in_sensor_area":{"x":0.5639074444770813,"y":0.3867121934890747}},"right":{"eye_data_validata_bit_mask":31,"gaze_origin_mm":{"x":-28.904693603515626,"y":5.3458251953125,"z":-27.575515747070314},"gaze_direction_normalized":{"x":0.02020263671875,"y":-0.027435302734375,"z":0.9994049072265625},"pupil_diameter_mm":3.9754180908203127,"eye_openness":1.0,"pupil_position_in_sensor_area":{"x":0.4464825689792633,"y":0.3827701508998871}},"combined":{"eye_data":{"eye_data_validata_bit_mask":3,"gaze_origin_mm":{"x":27.590225219726564,"y":4.639007568359375,"z":-27.125259399414064},"gaze_direction_normalized":{"x":-0.03118896484375,"y":-0.0206451416015625,"z":0.999298095703125},"pupil_diameter_mm":0.0,"eye_openness":0.0,"pupil_position_in_sensor_area":{"x":0.0,"y":0.0}},"convergence_distance_validity":false,"convergence_distance_mm":0.0}},"expression_data":{"left":{"eye_wide":0.4301774501800537,"eye_squeeze":0.0,"eye_frown":0.0},"right":{"eye_wide":0.4301774501800537,"eye_squeeze":0.0,"eye_frown":0.0}}}},
{"camera_matrix":{"e00":0.9976065754890442,"e01":0.011563297361135483,"e02":-0.06817127764225006,"e03":-0.07990537583827973,"e10":-0.012913812883198262,"e11":0.9997283816337586,"e12":-0.019403329119086267,"e13":1.5043760538101197,"e20":-0.06792838871479035,"e21":-0.020237242802977563,"e22":-0.9974849224090576,"e23":-3.104621410369873,"e30":0.0,"e31":0.0,"e32":0.0,"e33":1.0},"pointcloudTs":0,"eye_data_cwi":{"no_user":true,"frame_sequence":113250,"timestamp":242023,"verbose_data":{"left":{"eye_data_validata_bit_mask":31,"gaze_origin_mm":{"x":30.185256958007814,"y":4.589111328125,"z":-27.104568481445314},"gaze_direction_normalized":{"x":-0.0326690673828125,"y":-0.01776123046875,"z":0.999298095703125},"pupil_diameter_mm":3.760772705078125,"eye_openness":1.0,"pupil_position_in_sensor_area":{"x":0.5637806057929993,"y":0.3868314325809479}},"right":{"eye_data_validata_bit_mask":31,"gaze_origin_mm":{"x":-28.911605834960939,"y":5.370147705078125,"z":-27.675094604492189},"gaze_direction_normalized":{"x":0.023406982421875,"y":-0.02435302734375,"z":0.999420166015625},"pupil_diameter_mm":4.0414581298828129,"eye_openness":1.0,"pupil_position_in_sensor_area":{"x":0.446145623922348,"y":0.38220924139022829}},"combined":{"eye_data":{"eye_data_validata_bit_mask":3,"gaze_origin_mm":{"x":20.169540405273439,"y":4.7214813232421879,"z":-27.201263427734376},"gaze_direction_normalized":{"x":-0.023162841796875,"y":-0.0188751220703125,"z":0.999542236328125},"pupil_diameter_mm":0.0,"eye_openness":0.0,"pupil_position_in_sensor_area":{"x":0.0,"y":0.0}},"convergence_distance_validity":false,"convergence_distance_mm":0.0}},"expression_data":{"left":{"eye_wide":0.43299466371536257,"eye_squeeze":0.0,"eye_frown":0.0},"right":{"eye_wide":0.43299466371536257,"eye_squeeze":0.0,"eye_frown":0.0}}}},
{"camera_matrix":{"e00":0.9976065754890442,"e01":0.011563297361135483,"e02":-0.06817127764225006,"e03":-0.07990537583827973,"e10":-0.012913812883198262,"e11":0.9997283816337586,"e12":-0.019403329119086267,"e13":1.5043760538101197,"e20":-0.06792838871479035,"e21":-0.020237242802977563,"e22":-0.9974849224090576,"e23":-3.104621410369873,"e30":0.0,"e31":0.0,"e32":0.0,"e33":1.0},"pointcloudTs":0,"eye_data_cwi":{"no_user":true,"frame_sequence":113251,"timestamp":242032,"verbose_data":{"left":{"eye_data_validata_bit_mask":31,"gaze_origin_mm":{"x":30.185256958007814,"y":4.5834808349609379,"z":-27.104568481445314},"gaze_direction_normalized":{"x":-0.0326080322265625,"y":-0.0182037353515625,"z":0.999298095703125},"pupil_diameter_mm":3.7606201171875,"eye_openness":1.0,"pupil_position_in_sensor_area":{"x":0.5637666583061218,"y":0.38709381222724917}},"right":{"eye_data_validata_bit_mask":31,"gaze_origin_mm":{"x":-28.913528442382814,"y":5.3879852294921879,"z":-27.751571655273439},"gaze_direction_normalized":{"x":0.0259857177734375,"y":-0.031158447265625,"z":0.999176025390625},"pupil_diameter_mm":3.957794189453125,"eye_openness":1.0,"pupil_position_in_sensor_area":{"x":0.44564712047576907,"y":0.38338255882263186}},"combined":{"eye_data":{"eye_data_validata_bit_mask":3,"gaze_origin_mm":{"x":11.304092407226563,"y":4.84051513671875,"z":-27.311279296875},"gaze_direction_normalized":{"x":-0.013885498046875,"y":-0.0223541259765625,"z":0.9996490478515625},"pupil_diameter_mm":0.0,"eye_openness":0.0,"pupil_position_in_sensor_area":{"x":0.0,"y":0.0}},"convergence_distance_validity":false,"convergence_distance_mm":0.0}},"expression_data":{"left":{"eye_wide":0.4477790296077728,"eye_squeeze":0.0,"eye_frown":0.0},"right":{"eye_wide":0.4477790296077728,"eye_squeeze":0.0,"eye_frown":0.0}}}},
{"camera_matrix":{"e00":0.9976065754890442,"e01":0.011563297361135483,"e02":-0.06817127764225006,"e03":-0.07990537583827973,"e10":-0.012913812883198262,"e11":0.9997283816337586,"e12":-0.019403329119086267,"e13":1.5043760538101197,"e20":-0.06792838871479035,"e21":-0.020237242802977563,"e22":-0.9974849224090576,"e23":-3.104621410369873,"e30":0.0,"e31":0.0,"e32":0.0,"e33":1.0},"pointcloudTs":0,"eye_data_cwi":{"no_user":true,"frame_sequence":113252,"timestamp":242040,"verbose_data":{"left":{"eye_data_validata_bit_mask":31,"gaze_origin_mm":{"x":30.185455322265626,"y":4.581695556640625,"z":-27.104568481445314},"gaze_direction_normalized":{"x":-0.029510498046875,"y":-0.0177154541015625,"z":0.9994049072265625},"pupil_diameter_mm":3.792388916015625,"eye_openness":1.0,"pupil_position_in_sensor_area":{"x":0.5631847977638245,"y":0.38709381222724917}},"right":{"eye_data_validata_bit_mask":31,"gaze_origin_mm":{"x":-28.921615600585939,"y":5.4180908203125,"z":-27.88360595703125},"gaze_direction_normalized":{"x":0.0226593017578125,"y":-0.0295562744140625,"z":0.999298095703125},"pupil_diameter_mm":3.984832763671875,"eye_openness":1.0,"pupil_position_in_sensor_area":{"x":0.4465095102787018,"y":0.38316047191619875}},"combined":{"eye_data":{"eye_data_validata_bit_mask":3,"gaze_origin_mm":{"x":13.138290405273438,"y":4.8229217529296879,"z":-27.329254150390626},"gaze_direction_normalized":{"x":-0.01446533203125,"y":-0.0211334228515625,"z":0.999664306640625},"pupil_diameter_mm":0.0,"eye_openness":0.0,"pupil_position_in_sensor_area":{"x":0.0,"y":0.0}},"convergence_distance_validity":false,"convergence_distance_mm":0.0}},"expression_data":{"left":{"eye_wide":0.4557134211063385,"eye_squeeze":0.0,"eye_frown":0.0},"right":{"eye_wide":0.4557134211063385,"eye_squeeze":0.0,"eye_frown":0.0}}}},
{"camera_matrix":{"e00":0.9976065754890442,"e01":0.011563297361135483,"e02":-0.06817127764225006,"e03":-0.07990537583827973,"e10":-0.012913812883198262,"e11":0.9997283816337586,"e12":-0.019403329119086267,"e13":1.5043760538101197,"e20":-0.06792838871479035,"e21":-0.020237242802977563,"e22":-0.9974849224090576,"e23":-3.104621410369873,"e30":0.0,"e31":0.0,"e32":0.0,"e33":1.0},"pointcloudTs":0,"eye_data_cwi":{"no_user":true,"frame_sequence":113253,"timestamp":242049,"verbose_data":{"left":{"eye_data_validata_bit_mask":31,"gaze_origin_mm":{"x":30.185714721679689,"y":4.5807647705078129,"z":-27.104568481445314},"gaze_direction_normalized":{"x":-0.0283355712890625,"y":-0.0183868408203125,"z":0.999420166015625},"pupil_diameter_mm":3.7926788330078127,"eye_openness":1.0,"pupil_position_in_sensor_area":{"x":0.5629653930664063,"y":0.38724419474601748}},"right":{"eye_data_validata_bit_mask":31,"gaze_origin_mm":{"x":-28.919403076171876,"y":5.399383544921875,"z":-27.829147338867189},"gaze_direction_normalized":{"x":0.0239410400390625,"y":-0.0341949462890625,"z":0.999114990234375},"pupil_diameter_mm":3.9892425537109377,"eye_openness":1.0,"pupil_position_in_sensor_area":{"x":0.4462185800075531,"y":0.3842027187347412}},"combined":{"eye_data":{"eye_data_validata_bit_mask":3,"gaze_origin_mm":{"x":24.050064086914064,"y":4.665740966796875,"z":-27.179794311523439},"gaze_direction_normalized":{"x":-0.0229034423828125,"y":-0.0200347900390625,"z":0.9995269775390625},"pupil_diameter_mm":0.0,"eye_openness":0.0,"pupil_position_in_sensor_area":{"x":0.0,"y":0.0}},"convergence_distance_validity":false,"convergence_distance_mm":0.0}},"expression_data":{"left":{"eye_wide":0.4467565417289734,"eye_squeeze":0.0,"eye_frown":0.0},"right":{"eye_wide":0.4467565417289734,"eye_squeeze":0.0,"eye_frown":0.0}}}},
{"camera_matrix":{"e00":0.9976065754890442,"e01":0.011563297361135483,"e02":-0.06817127764225006,"e03":-0.07990537583827973,"e10":-0.012913812883198262,"e11":0.9997283816337586,"e12":-0.019403329119086267,"e13":1.5043760538101197,"e20":-0.06792838871479035,"e21":-0.020237242802977563,"e22":-0.9974849224090576,"e23":-3.104621410369873,"e30":0.0,"e31":0.0,"e32":0.0,"e33":1.0},"pointcloudTs":0,"eye_data_cwi":{"no_user":true,"frame_sequence":113254,"timestamp":242057,"verbose_data":{"left":{"eye_data_validata_bit_mask":31,"gaze_origin_mm":{"x":30.186187744140626,"y":4.5795135498046879,"z":-27.104568481445314},"gaze_direction_normalized":{"x":-0.0282745361328125,"y":-0.0187225341796875,"z":0.999420166015625},"pupil_diameter_mm":3.800933837890625,"eye_openness":1.0,"pupil_position_in_sensor_area":{"x":0.5629297494888306,"y":0.38735297322273257}},"right":{"eye_data_validata_bit_mask":31,"gaze_origin_mm":{"x":-28.919143676757814,"y":5.3982391357421879,"z":-27.831100463867189},"gaze_direction_normalized":{"x":0.02471923828125,"y":-0.0341033935546875,"z":0.9990997314453125},"pupil_diameter_mm":4.0052032470703129,"eye_openness":1.0,"pupil_position_in_sensor_area":{"x":0.4460812509059906,"y":0.38425639271736147}},"combined":{"eye_data":{"eye_data_validata_bit_mask":3,"gaze_origin_mm":{"x":28.261871337890626,"y":4.606170654296875,"z":-27.12823486328125},"gaze_direction_normalized":{"x":-0.02655029296875,"y":-0.01922607421875,"z":0.99945068359375},"pupil_diameter_mm":0.0,"eye_openness":0.0,"pupil_position_in_sensor_area":{"x":0.0,"y":0.0}},"convergence_distance_validity":false,"convergence_distance_mm":0.0}},"expression_data":{"left":{"eye_wide":0.44194960594177248,"eye_squeeze":0.0,"eye_frown":0.0},"right":{"eye_wide":0.44194960594177248,"eye_squeeze":0.0,"eye_frown":0.0}}}},
{"camera_matrix":{"e00":0.9976065754890442,"e01":0.011563297361135483,"e02":-0.06817127764225006,"e03":-0.07990537583827973,"e10":-0.012913812883198262,"e11":0.9997283816337586,"e12":-0.019403329119086267,"e13":1.5043760538101197,"e20":-0.06792838871479035,"e21":-0.020237242802977563,"e22":-0.9974849224090576,"e23":-3.104621410369873,"e30":0.0,"e31":0.0,"e32":0.0,"e33":1.0},"pointcloudTs":0,"eye_data_cwi":{"no_user":true,"frame_sequence":113255,"timestamp":242065,"verbose_data":{"left":{"eye_data_validata_bit_mask":31,"gaze_origin_mm":{"x":30.186187744140626,"y":4.5795135498046879,"z":-27.141067504882814},"gaze_direction_normalized":{"x":-0.0280609130859375,"y":-0.019683837890625,"z":0.9994049072265625},"pupil_diameter_mm":3.79150390625,"eye_openness":1.0,"pupil_position_in_sensor_area":{"x":0.5629297494888306,"y":0.38780292868614199}},"right":{"eye_data_validata_bit_mask":31,"gaze_origin_mm":{"x":-28.91888427734375,"y":5.3971099853515629,"z":-27.829147338867189},"gaze_direction_normalized":{"x":0.0253448486328125,"y":-0.0337982177734375,"z":0.9990997314453125},"pupil_diameter_mm":3.989593505859375,"eye_openness":1.0,"pupil_position_in_sensor_area":{"x":0.4459439218044281,"y":0.3842027187347412}},"combined":{"eye_data":{"eye_data_validata_bit_mask":3,"gaze_origin_mm":{"x":29.1949462890625,"y":4.593231201171875,"z":-27.152603149414064},"gaze_direction_normalized":{"x":-0.02716064453125,"y":-0.019927978515625,"z":0.999420166015625},"pupil_diameter_mm":0.0,"eye_openness":0.0,"pupil_position_in_sensor_area":{"x":0.0,"y":0.0}},"convergence_distance_validity":false,"convergence_distance_mm":0.0}},"expression_data":{"left":{"eye_wide":0.44846636056900027,"eye_squeeze":0.0,"eye_frown":0.0},"right":{"eye_wide":0.44846636056900027,"eye_squeeze":0.0,"eye_frown":0.0}}}},
{"camera_matrix":{"e00":0.9976065754890442,"e01":0.011563297361135483,"e02":-0.06817127764225006,"e03":-0.07990537583827973,"e10":-0.012913812883198262,"e11":0.9997283816337586,"e12":-0.019403329119086267,"e13":1.5043760538101197,"e20":-0.06792838871479035,"e21":-0.020237242802977563,"e22":-0.9974849224090576,"e23":-3.104621410369873,"e30":0.0,"e31":0.0,"e32":0.0,"e33":1.0},"pointcloudTs":0,"eye_data_cwi":{"no_user":true,"frame_sequence":113256,"timestamp":242074,"verbose_data":{"left":{"eye_data_validata_bit_mask":31,"gaze_origin_mm":{"x":30.185714721679689,"y":4.579498291015625,"z":-27.141067504882814},"gaze_direction_normalized":{"x":-0.027862548828125,"y":-0.0203704833984375,"z":0.9993896484375},"pupil_diameter_mm":3.799591064453125,"eye_openness":1.0,"pupil_position_in_sensor_area":{"x":0.5629011988639832,"y":0.3879269063472748}},"right":{"eye_data_validata_bit_mask":31,"gaze_origin_mm":{"x":-28.91796875,"y":5.3909454345703129,"z":-27.81341552734375},"gaze_direction_normalized":{"x":0.0245361328125,"y":-0.0321197509765625,"z":0.999176025390625},"pupil_diameter_mm":3.998291015625,"eye_openness":1.0,"pupil_position_in_sensor_area":{"x":0.44607436656951907,"y":0.38398754596710207}},"combined":{"eye_data":{"eye_data_validata_bit_mask":3,"gaze_origin_mm":{"x":28.970108032226564,"y":4.59619140625,"z":-27.154891967773439},"gaze_direction_normalized":{"x":-0.0267791748046875,"y":-0.0206146240234375,"z":0.999420166015625},"pupil_diameter_mm":0.0,"eye_openness":0.0,"pupil_position_in_sensor_area":{"x":0.0,"y":0.0}},"convergence_distance_validity":false,"convergence_distance_mm":0.0}},"expression_data":{"left":{"eye_wide":0.45196375250816347,"eye_squeeze":0.0,"eye_frown":0.0},"right":{"eye_wide":0.45196375250816347,"eye_squeeze":0.0,"eye_frown":0.0}}}},
{"camera_matrix":{"e00":0.9976065754890442,"e01":0.011563297361135483,"e02":-0.06817127764225006,"e03":-0.07990537583827973,"e10":-0.012913812883198262,"e11":0.9997283816337586,"e12":-0.019403329119086267,"e13":1.5043760538101197,"e20":-0.06792838871479035,"e21":-0.020237242802977563,"e22":-0.9974849224090576,"e23":-3.104621410369873,"e30":0.0,"e31":0.0,"e32":0.0,"e33":1.0},"pointcloudTs":0,"eye_data_cwi":{"no_user":true,"frame_sequence":113257,"timestamp":242082,"verbose_data":{"left":{"eye_data_validata_bit_mask":31,"gaze_origin_mm":{"x":30.185455322265626,"y":4.579315185546875,"z":-27.104568481445314},"gaze_direction_normalized":{"x":-0.02813720703125,"y":-0.0223236083984375,"z":0.9993438720703125},"pupil_diameter_mm":3.79132080078125,"eye_openness":1.0,"pupil_position_in_sensor_area":{"x":0.5629297494888306,"y":0.38798636198043826}},"right":{"eye_data_validata_bit_mask":31,"gaze_origin_mm":{"x":-28.91705322265625,"y":5.3847808837890629,"z":-27.79766845703125},"gaze_direction_normalized":{"x":0.0250701904296875,"y":-0.0305633544921875,"z":0.99920654296875},"pupil_diameter_mm":3.9912567138671877,"eye_openness":1.0,"pupil_position_in_sensor_area":{"x":0.4459439218044281,"y":0.3837723433971405}},"combined":{"eye_data":{"eye_data_validata_bit_mask":3,"gaze_origin_mm":{"x":26.337905883789064,"y":4.6317596435546879,"z":-27.149688720703126},"gaze_direction_normalized":{"x":-0.0246734619140625,"y":-0.022857666015625,"z":0.999420166015625},"pupil_diameter_mm":0.0,"eye_openness":0.0,"pupil_position_in_sensor_area":{"x":0.0,"y":0.0}},"convergence_distance_validity":false,"convergence_distance_mm":0.0}},"expression_data":{"left":{"eye_wide":0.45761337876319888,"eye_squeeze":0.0,"eye_frown":0.0},"right":{"eye_wide":0.45761337876319888,"eye_squeeze":0.0,"eye_frown":0.0}}}},
{"camera_matrix":{"e00":0.9976065754890442,"e01":0.011563297361135483,"e02":-0.06817127764225006,"e03":-0.07990537583827973,"e10":-0.012913812883198262,"e11":0.9997283816337586,"e12":-0.019403329119086267,"e13":1.5043760538101197,"e20":-0.06792838871479035,"e21":-0.020237242802977563,"e22":-0.9974849224090576,"e23":-3.104621410369873,"e30":0.0,"e31":0.0,"e32":0.0,"e33":1.0},"pointcloudTs":0,"eye_data_cwi":{"no_user":true,"frame_sequence":113258,"timestamp":242090,"verbose_data":{"left":{"eye_data_validata_bit_mask":31,"gaze_origin_mm":{"x":30.185256958007814,"y":4.578704833984375,"z":-27.104568481445314},"gaze_direction_normalized":{"x":-0.0281982421875,"y":-0.02716064453125,"z":0.9992218017578125},"pupil_diameter_mm":3.7980499267578127,"eye_openness":1.0,"pupil_position_in_sensor_area":{"x":0.5629297494888306,"y":0.3888755142688751}},"right":{"eye_data_validata_bit_mask":31,"gaze_origin_mm":{"x":-28.915130615234376,"y":5.3779449462890629,"z":-27.775894165039064},"gaze_direction_normalized":{"x":0.0252532958984375,"y":-0.030181884765625,"z":0.9992218017578125},"pupil_diameter_mm":3.989593505859375,"eye_openness":1.0,"pupil_position_in_sensor_area":{"x":0.44585251808166506,"y":0.3837539553642273}},"combined":{"eye_data":{"eye_data_validata_bit_mask":3,"gaze_origin_mm":{"x":13.923248291015625,"y":4.7986297607421879,"z":-27.289291381835939},"gaze_direction_normalized":{"x":-0.01348876953125,"y":-0.0279998779296875,"z":0.99951171875},"pupil_diameter_mm":0.0,"eye_openness":0.0,"pupil_position_in_sensor_area":{"x":0.0,"y":0.0}},"convergence_distance_validity":false,"convergence_distance_mm":0.0}},"expression_data":{"left":{"eye_wide":0.4606453776359558,"eye_squeeze":0.0,"eye_frown":0.0},"right":{"eye_wide":0.4606453776359558,"eye_squeeze":0.0,"eye_frown":0.0}}}},
{"camera_matrix":{"e00":0.9976065754890442,"e01":0.011563297361135483,"e02":-0.06817127764225006,"e03":-0.07990537583827973,"e10":-0.012913812883198262,"e11":0.9997283816337586,"e12":-0.019403329119086267,"e13":1.5043760538101197,"e20":-0.06792838871479035,"e21":-0.020237242802977563,"e22":-0.9974849224090576,"e23":-3.104621410369873,"e30":0.0,"e31":0.0,"e32":0.0,"e33":1.0},"pointcloudTs":0,"eye_data_cwi":{"no_user":true,"frame_sequence":113259,"timestamp":242099,"verbose_data":{"left":{"eye_data_validata_bit_mask":31,"gaze_origin_mm":{"x":30.185256958007814,"y":4.578704833984375,"z":-27.153900146484376},"gaze_direction_normalized":{"x":-0.0279388427734375,"y":-0.0249481201171875,"z":0.9992828369140625},"pupil_diameter_mm":3.79815673828125,"eye_openness":1.0,"pupil_position_in_sensor_area":{"x":0.5629297494888306,"y":0.3888755142688751}},"right":{"eye_data_validata_bit_mask":31,"gaze_origin_mm":{"x":-28.913192749023439,"y":5.3711090087890629,"z":-27.754119873046876},"gaze_direction_normalized":{"x":0.025421142578125,"y":-0.029998779296875,"z":0.9992218017578125},"pupil_diameter_mm":3.987548828125,"eye_openness":1.0,"pupil_position_in_sensor_area":{"x":0.445761114358902,"y":0.3837723433971405}},"combined":{"eye_data":{"eye_data_validata_bit_mask":3,"gaze_origin_mm":{"x":6.926177978515625,"y":4.89056396484375,"z":-27.390121459960939},"gaze_direction_normalized":{"x":-0.0069427490234375,"y":-0.026947021484375,"z":0.999603271484375},"pupil_diameter_mm":0.0,"eye_openness":0.0,"pupil_position_in_sensor_area":{"x":0.0,"y":0.0}},"convergence_distance_validity":false,"convergence_distance_mm":0.0}},"expression_data":{"left":{"eye_wide":0.46150636672973635,"eye_squeeze":0.0,"eye_frown":0.0},"right":{"eye_wide":0.46150636672973635,"eye_squeeze":0.0,"eye_frown":0.0}}}},
{"camera_matrix":{"e00":0.9976065754890442,"e01":0.011563297361135483,"e02":-0.06817127764225006,"e03":-0.07990537583827973,"e10":-0.012913812883198262,"e11":0.9997283816337586,"e12":-0.019403329119086267,"e13":1.5043760538101197,"e20":-0.06792838871479035,"e21":-0.020237242802977563,"e22":-0.9974849224090576,"e23":-3.104621410369873,"e30":0.0,"e31":0.0,"e32":0.0,"e33":1.0},"pointcloudTs":0,"eye_data_cwi":{"no_user":true,"frame_sequence":113260,"timestamp":242107,"verbose_data":{"left":{"eye_data_validata_bit_mask":31,"gaze_origin_mm":{"x":30.185455322265626,"y":4.579315185546875,"z":-27.16680908203125},"gaze_direction_normalized":{"x":-0.0279083251953125,"y":-0.0253753662109375,"z":0.9992828369140625},"pupil_diameter_mm":3.7967529296875,"eye_openness":1.0,"pupil_position_in_sensor_area":{"x":0.5629297494888306,"y":0.3890218734741211}},"right":{"eye_data_validata_bit_mask":31,"gaze_origin_mm":{"x":-28.91046142578125,"y":5.3640899658203129,"z":-27.73626708984375},"gaze_direction_normalized":{"x":0.02447509765625,"y":-0.030609130859375,"z":0.9992218017578125},"pupil_diameter_mm":3.9913330078125,"eye_openness":1.0,"pupil_position_in_sensor_area":{"x":0.44585251808166506,"y":0.38398754596710207}},"combined":{"eye_data":{"eye_data_validata_bit_mask":3,"gaze_origin_mm":{"x":4.131622314453125,"y":4.9253082275390629,"z":-27.417861938476564},"gaze_direction_normalized":{"x":-0.0048065185546875,"y":-0.0276947021484375,"z":0.999603271484375},"pupil_diameter_mm":0.0,"eye_openness":0.0,"pupil_position_in_sensor_area":{"x":0.0,"y":0.0}},"convergence_distance_validity":false,"convergence_distance_mm":0.0}},"expression_data":{"left":{"eye_wide":0.46196845173835757,"eye_squeeze":0.0,"eye_frown":0.0},"right":{"eye_wide":0.46196845173835757,"eye_squeeze":0.0,"eye_frown":0.0}}}},
{"camera_matrix":{"e00":0.9976065754890442,"e01":0.011563297361135483,"e02":-0.06817127764225006,"e03":-0.07990537583827973,"e10":-0.012913812883198262,"e11":0.9997283816337586,"e12":-0.019403329119086267,"e13":1.5043760538101197,"e20":-0.06792838871479035,"e21":-0.020237242802977563,"e22":-0.9974849224090576,"e23":-3.104621410369873,"e30":0.0,"e31":0.0,"e32":0.0,"e33":1.0},"pointcloudTs":0,"eye_data_cwi":{"no_user":true,"frame_sequence":113261,"timestamp":242115,"verbose_data":{"left":{"eye_data_validata_bit_mask":31,"gaze_origin_mm":{"x":30.185455322265626,"y":4.579315185546875,"z":-27.16680908203125},"gaze_direction_normalized":{"x":-0.027923583984375,"y":-0.026702880859375,"z":0.9992523193359375},"pupil_diameter_mm":3.7964935302734377,"eye_openness":1.0,"pupil_position_in_sensor_area":{"x":0.5629297494888306,"y":0.38925284147262576}},"right":{"eye_data_validata_bit_mask":31,"gaze_origin_mm":{"x":-28.907745361328126,"y":5.3570556640625,"z":-27.718414306640626},"gaze_direction_normalized":{"x":0.0244903564453125,"y":-0.0289764404296875,"z":0.999267578125},"pupil_diameter_mm":3.989501953125,"eye_openness":1.0,"pupil_position_in_sensor_area":{"x":0.445761114358902,"y":0.3837723433971405}},"combined":{"eye_data":{"eye_data_validata_bit_mask":3,"gaze_origin_mm":{"x":4.527679443359375,"y":4.9170074462890629,"z":-27.40631103515625},"gaze_direction_normalized":{"x":-0.005157470703125,"y":-0.0276947021484375,"z":0.9995880126953125},"pupil_diameter_mm":0.0,"eye_openness":0.0,"pupil_position_in_sensor_area":{"x":0.0,"y":0.0}},"convergence_distance_validity":false,"convergence_distance_mm":0.0}},"expression_data":{"left":{"eye_wide":0.46059781312942507,"eye_squeeze":0.0,"eye_frown":0.0},"right":{"eye_wide":0.46059781312942507,"eye_squeeze":0.0,"eye_frown":0.0}}}},
{"camera_matrix":{"e00":0.9976065754890442,"e01":0.011563297361135483,"e02":-0.06817127764225006,"e03":-0.07990537583827973,"e10":-0.012913812883198262,"e11":0.9997283816337586,"e12":-0.019403329119086267,"e13":1.5043760538101197,"e20":-0.06792838871479035,"e21":-0.020237242802977563,"e22":-0.9974849224090576,"e23":-3.104621410369873,"e30":0.0,"e31":0.0,"e32":0.0,"e33":1.0},"pointcloudTs":0,"eye_data_cwi":{"no_user":true,"frame_sequence":113262,"timestamp":242124,"verbose_data":{"left":{"eye_data_validata_bit_mask":31,"gaze_origin_mm":{"x":30.185455322265626,"y":4.579315185546875,"z":-27.16680908203125},"gaze_direction_normalized":{"x":-0.0281524658203125,"y":-0.02899169921875,"z":0.999176025390625},"pupil_diameter_mm":3.7957305908203127,"eye_openness":1.0,"pupil_position_in_sensor_area":{"x":0.5629653930664063,"y":0.38966047763824465}},"right":{"eye_data_validata_bit_mask":31,"gaze_origin_mm":{"x":-28.905502319335939,"y":5.3528594970703129,"z":-27.709671020507814},"gaze_direction_normalized":{"x":0.0241241455078125,"y":-0.029022216796875,"z":0.9992828369140625},"pupil_diameter_mm":3.992462158203125,"eye_openness":1.0,"pupil_position_in_sensor_area":{"x":0.44576016068458559,"y":0.38385266065597536}},"combined":{"eye_data":{"eye_data_validata_bit_mask":3,"gaze_origin_mm":{"x":4.5325927734375,"y":4.915130615234375,"z":-27.402481079101564},"gaze_direction_normalized":{"x":-0.0054473876953125,"y":-0.0290069580078125,"z":0.9995574951171875},"pupil_diameter_mm":0.0,"eye_openness":0.0,"pupil_position_in_sensor_area":{"x":0.0,"y":0.0}},"convergence_distance_validity":false,"convergence_distance_mm":0.0}},"expression_data":{"left":{"eye_wide":0.45986223220825198,"eye_squeeze":0.0,"eye_frown":0.0},"right":{"eye_wide":0.45986223220825198,"eye_squeeze":0.0,"eye_frown":0.0}}}},
{"camera_matrix":{"e00":0.9976065754890442,"e01":0.011563297361135483,"e02":-0.06817127764225006,"e03":-0.07990537583827973,"e10":-0.012913812883198262,"e11":0.9997283816337586,"e12":-0.019403329119086267,"e13":1.5043760538101197,"e20":-0.06792838871479035,"e21":-0.020237242802977563,"e22":-0.9974849224090576,"e23":-3.104621410369873,"e30":0.0,"e31":0.0,"e32":0.0,"e33":1.0},"pointcloudTs":0,"eye_data_cwi":{"no_user":true,"frame_sequence":113263,"timestamp":242132,"verbose_data":{"left":{"eye_data_validata_bit_mask":31,"gaze_origin_mm":{"x":30.185714721679689,"y":4.579315185546875,"z":-27.196273803710939},"gaze_direction_normalized":{"x":-0.0281219482421875,"y":-0.0289306640625,"z":0.999176025390625},"pupil_diameter_mm":3.8071136474609377,"eye_openness":1.0,"pupil_position_in_sensor_area":{"x":0.5629653930664063,"y":0.389894038438797}},"right":{"eye_data_validata_bit_mask":31,"gaze_origin_mm":{"x":-28.90325927734375,"y":5.348663330078125,"z":-27.700927734375},"gaze_direction_normalized":{"x":0.0237579345703125,"y":-0.0290374755859375,"z":0.9992828369140625},"pupil_diameter_mm":3.99560546875,"eye_openness":1.0,"pupil_position_in_sensor_area":{"x":0.44575920701026919,"y":0.3839329481124878}},"combined":{"eye_data":{"eye_data_validata_bit_mask":3,"gaze_origin_mm":{"x":4.96917724609375,"y":4.9076385498046879,"z":-27.411636352539064},"gaze_direction_normalized":{"x":-0.0059814453125,"y":-0.02899169921875,"z":0.9995574951171875},"pupil_diameter_mm":0.0,"eye_openness":0.0,"pupil_position_in_sensor_area":{"x":0.0,"y":0.0}},"convergence_distance_validity":false,"convergence_distance_mm":0.0}},"expression_data":{"left":{"eye_wide":0.4685768187046051,"eye_squeeze":0.0,"eye_frown":0.0},"right":{"eye_wide":0.4685768187046051,"eye_squeeze":0.0,"eye_frown":0.0}}}},
{"camera_matrix":{"e00":0.9976065754890442,"e01":0.011563297361135483,"e02":-0.06817127764225006,"e03":-0.07990537583827973,"e10":-0.012913812883198262,"e11":0.9997283816337586,"e12":-0.019403329119086267,"e13":1.5043760538101197,"e20":-0.06792838871479035,"e21":-0.020237242802977563,"e22":-0.9974849224090576,"e23":-3.104621410369873,"e30":0.0,"e31":0.0,"e32":0.0,"e33":1.0},"pointcloudTs":0,"eye_data_cwi":{"no_user":true,"frame_sequence":113264,"timestamp":242140,"verbose_data":{"left":{"eye_data_validata_bit_mask":31,"gaze_origin_mm":{"x":30.185714721679689,"y":4.579315185546875,"z":-27.205596923828126},"gaze_direction_normalized":{"x":-0.027862548828125,"y":-0.028778076171875,"z":0.9991912841796875},"pupil_diameter_mm":3.8067779541015627,"eye_openness":1.0,"pupil_position_in_sensor_area":{"x":0.5629297494888306,"y":0.3899386525154114}},"right":{"eye_data_validata_bit_mask":31,"gaze_origin_mm":{"x":-28.900497436523439,"y":5.3400726318359379,"z":-27.672332763671876},"gaze_direction_normalized":{"x":0.0233001708984375,"y":-0.0281982421875,"z":0.99932861328125},"pupil_diameter_mm":3.998870849609375,"eye_openness":1.0,"pupil_position_in_sensor_area":{"x":0.44576016068458559,"y":0.38385266065597536}},"combined":{"eye_data":{"eye_data_validata_bit_mask":3,"gaze_origin_mm":{"x":5.052764892578125,"y":4.9029083251953129,"z":-27.404129028320314},"gaze_direction_normalized":{"x":-0.0060882568359375,"y":-0.0285491943359375,"z":0.99957275390625},"pupil_diameter_mm":0.0,"eye_openness":0.0,"pupil_position_in_sensor_area":{"x":0.0,"y":0.0}},"convergence_distance_validity":false,"convergence_distance_mm":0.0}},"expression_data":{"left":{"eye_wide":0.47325369715690615,"eye_squeeze":0.0,"eye_frown":0.0},"right":{"eye_wide":0.47325369715690615,"eye_squeeze":0.0,"eye_frown":0.0}}}},
{"camera_matrix":{"e00":0.9976065754890442,"e01":0.011563297361135483,"e02":-0.06817127764225006,"e03":-0.07990537583827973,"e10":-0.012913812883198262,"e11":0.9997283816337586,"e12":-0.019403329119086267,"e13":1.5043760538101197,"e20":-0.06792838871479035,"e21":-0.020237242802977563,"e22":-0.9974849224090576,"e23":-3.104621410369873,"e30":0.0,"e31":0.0,"e32":0.0,"e33":1.0},"pointcloudTs":0,"eye_data_cwi":{"no_user":true,"frame_sequence":113265,"timestamp":242149,"verbose_data":{"left":{"eye_data_validata_bit_mask":31,"gaze_origin_mm":{"x":30.185714721679689,"y":4.578704833984375,"z":-27.205596923828126},"gaze_direction_normalized":{"x":-0.027923583984375,"y":-0.0293731689453125,"z":0.999176025390625},"pupil_diameter_mm":3.8154296875,"eye_openness":1.0,"pupil_position_in_sensor_area":{"x":0.5629297494888306,"y":0.39006420969963076}},"right":{"eye_data_validata_bit_mask":31,"gaze_origin_mm":{"x":-28.897720336914064,"y":5.33148193359375,"z":-27.64373779296875},"gaze_direction_normalized":{"x":0.022857666015625,"y":-0.0274200439453125,"z":0.999359130859375},"pupil_diameter_mm":4.0021514892578129,"eye_openness":1.0,"pupil_position_in_sensor_area":{"x":0.44575920701026919,"y":0.3837723433971405}},"combined":{"eye_data":{"eye_data_validata_bit_mask":3,"gaze_origin_mm":{"x":4.5093231201171879,"y":4.905853271484375,"z":-27.39599609375},"gaze_direction_normalized":{"x":-0.0058441162109375,"y":-0.028533935546875,"z":0.99957275390625},"pupil_diameter_mm":0.0,"eye_openness":0.0,"pupil_position_in_sensor_area":{"x":0.0,"y":0.0}},"convergence_distance_validity":false,"convergence_distance_mm":0.0}},"expression_data":{"left":{"eye_wide":0.4744570255279541,"eye_squeeze":0.0,"eye_frown":0.0},"right":{"eye_wide":0.4744570255279541,"eye_squeeze":0.0,"eye_frown":0.0}}}},
